markets 8640, trades 12,945,874, 2026-09-05 00:00:00 -> 2026-10-04 23:55:00, Up rate 0.503

=== A. Maker P&L to resolution, by time to window ===
                       notional   trades  maker_pnl       fees     rebate  share_of_volume  maker_bps  maker_bps_incl_rebate  taker_fee_bps
bucket                                                                                                                                     
> 10 min before       184454.97    13139    -431.09    6349.63    1269.93             0.00     -23.37                  45.48         344.24
10 to 1 min before   3721862.27   174828   -1680.74  125507.28   25101.46             0.02      -4.52                  62.93         337.22
last minute before   7785025.55   524906   37332.52  259829.42   51965.88             0.04      47.95                 114.71         333.76
0-60s               32338848.67  2672041  -12353.98  999100.60  199820.12             0.16      -3.82                  57.97         308.95
60-120s             30116954.77  2427305  109372.60  780627.61  156125.52             0.15      36.32                  88.16         259.20
120-180s            35142700.40  2457633   35576.31  693354.90  138670.98             0.17      10.12                  49.58         197.30
180-240s            52156411.49  2781879  -93676.67  667869.54  133573.91             0.25     -17.96                   7.65         128.05
240-300s            41561583.37  1839418   66198.64  318688.91   63737.78             0.20      15.93                  31.26          76.68
after close          2501644.40    54725   29512.90    5891.68    1178.34             0.01     117.97                 122.68          23.55
TOTAL notional $205,509,486  trades 12,945,874  maker pnl $169,851 (8.3 bp)  taker fees $3,857,220  rebates $771,444

=== A2. In-window maker P&L vs fair value (bp of notional) ===
spread_vs_fair_at_fill   $   2,072,040    108.3 bp
markout_5s               $   1,647,617     86.1 bp
markout_30s              $   1,098,814     57.4 bp
to_resolution            $     105,117      5.5 bp

by Up-space price:
               notional  maker_bps
pb                               
(0.0, 0.1]  37950654.9       42.1
(0.1, 0.3]  25600506.7       44.3
(0.3, 0.5]  30289735.6      -82.8
(0.5, 0.7]  31292157.1      -21.7
(0.7, 0.9]  27631635.2       10.6
(0.9, 1.0]  38551809.2       31.4

=== C. Brier score, in-window trades: market price 0.1619  model 0.1700
            price  up_rate  model        n
b                                         
(0.0, 0.1]  0.045    0.044  0.050  1457941
(0.1, 0.2]  0.156    0.153  0.146   975430
(0.2, 0.3]  0.256    0.256  0.245  1090504
(0.3, 0.4]  0.356    0.348  0.353  1223392
(0.4, 0.5]  0.456    0.451  0.455  1313841
(0.5, 0.6]  0.555    0.564  0.553  1317007
(0.6, 0.7]  0.654    0.657  0.656  1265276
(0.7, 0.8]  0.754    0.764  0.763  1127968
(0.8, 0.9]  0.855    0.866  0.862  1010622
(0.9, 1.0]  0.959    0.961  0.949  1396295

95% CI (bootstrap over markets), bp: {'res': (-9.1, 19.7), 'spr': (100.7, 115.4), 'm30': (47.0, 68.2), 'res_reb': (27.1, 55.8)}

=== B. Simulated quoter (20 shares per quote, max inventory 100 shares, held to resolution) ===
center  half  latency  through        pnl   rebate     volume    fills      total   per_day       bp  win_days  sharpe  markets_with_fills
 naive  0.01        1     0.00 -146988.35 25575.54 4909803.08 947746.0 -121412.82  -4047.56  -247.29      0.00 -128.67                 1.0
 naive  0.02        1     0.00 -121436.35 17236.91 3190528.36 611787.0 -104199.44  -3473.72  -326.59      0.00 -151.19                 1.0
 naive  0.03        1     0.00  -98052.61 12484.16 2258157.98 433261.0  -85568.46  -2852.61  -378.93      0.00 -150.40                 1.0
 naive  0.05        1     0.00  -64313.68  7230.74 1264467.97 245136.0  -57082.94  -1902.98  -451.44      0.00 -179.69                 1.0
 naive  0.01        1     0.01 -185022.99 16772.13 3102999.81 597047.0 -168250.86  -5609.01  -542.22      0.00 -167.41                 1.0
 naive  0.02        1     0.01 -142881.88 12261.17 2234772.33 426593.0 -130620.71  -4354.53  -584.49      0.00 -159.71                 1.0
 naive  0.03        1     0.01 -111943.05  9276.63 1665526.59 318081.0 -102666.42  -3422.61  -616.42      0.00 -166.70                 1.0
 naive  0.05        1     0.01  -72636.53  5616.05  980116.01 189102.0  -67020.48  -2234.27  -683.80      0.00 -188.59                 1.0
 naive  0.01        2     0.00 -196119.47 25767.30 4961923.37 967601.0 -170352.16  -5679.06  -343.32      0.00 -141.74                 1.0
 naive  0.02        2     0.00 -162949.40 18522.21 3455136.55 667557.0 -144427.19  -4814.80  -418.01      0.00 -163.12                 1.0
 naive  0.03        2     0.00 -133372.33 13982.40 2552604.58 492092.0 -119389.93  -3980.13  -467.72      0.00 -169.51                 1.0
 naive  0.05        2     0.00  -89304.04  8603.94 1515920.85 294588.0  -80700.10  -2690.31  -532.35      0.00 -201.87                 1.0
 naive  0.01        2     0.01 -230078.96 17935.32 3334268.07 648392.0 -212143.64  -7072.27  -636.25      0.00 -171.62                 1.0
 naive  0.02        2     0.01 -183004.05 13704.86 2514995.29 483867.0 -169299.18  -5643.96  -673.16      0.00 -166.12                 1.0
 naive  0.03        2     0.01 -147201.13 10721.37 1939362.39 372177.0 -136479.76  -4549.85  -703.74      0.00 -180.38                 1.0
 naive  0.05        2     0.01  -98737.33  6828.28 1199919.73 232160.0  -91909.05  -3063.99  -765.96      0.00 -214.92                 1.0
 naive  0.01        3     0.00 -246744.99 25893.23 4983379.88 980956.0 -220851.76  -7362.58  -443.18      0.00 -150.78                 1.0
 naive  0.02        3     0.00 -202789.41 19721.43 3696930.33 719156.0 -183067.98  -6102.97  -495.19      0.00 -165.41                 1.0
 naive  0.03        3     0.00 -166435.77 15407.07 2828711.16 547970.0 -151028.70  -5034.87  -533.91      0.00 -170.32                 1.0
 naive  0.05        3     0.00 -114541.28  9882.68 1753480.72 340932.0 -104658.61  -3489.02  -596.86      0.00 -218.38                 1.0
 naive  0.01        3     0.01 -273071.46 19108.39 3563879.68 698866.0 -253963.07  -8466.42  -712.60      0.00 -171.87                 1.0
 naive  0.02        3     0.01 -221973.04 15124.46 2789603.17 539504.0 -206848.58  -6895.75  -741.50      0.00 -165.94                 1.0
 naive  0.03        3     0.01 -181771.67 12093.75 2200241.52 423898.0 -169677.92  -5656.59  -771.18      0.00 -187.22                 1.0
 naive  0.05        3     0.01 -124307.09  7977.24 1410736.09 273074.0 -116329.85  -3878.11  -824.60      0.00 -223.32                 1.0
 naive  0.01        4     0.00 -319466.33 25357.05 4879732.17 970713.0 -294109.28  -9804.78  -602.72      0.00 -165.32                 1.0
 naive  0.02        4     0.00 -268485.02 20606.32 3889910.03 764369.0 -247878.70  -8263.58  -637.24      0.00 -169.01                 1.0
 naive  0.03        4     0.00 -225143.19 16841.77 3123656.86 609485.0 -208301.42  -6944.18  -666.85      0.00 -171.54                 1.0
 naive  0.05        4     0.00 -160818.33 11518.64 2067153.63 403895.0 -149299.68  -4977.23  -722.25      0.00 -197.98                 1.0
 naive  0.01        4     0.01 -340480.18 19896.18 3728085.19 738606.0 -320584.01 -10687.37  -859.92      0.00 -176.85                 1.0
 naive  0.02        4     0.01 -285237.25 16501.46 3067073.44 598735.0 -268735.79  -8958.90  -876.20      0.00 -167.86                 1.0
 naive  0.03        4     0.01 -239823.48 13681.80 2512792.84 487952.0 -226141.68  -7538.93  -899.96      0.00 -169.25                 1.0
 naive  0.05        4     0.01 -171842.96  9567.18 1710332.78 332376.0 -162275.79  -5409.82  -948.80      0.00 -193.67                 1.0
 naive  0.01        5     0.00 -346225.06 24876.65 4786240.65 955729.0 -321348.41 -10712.85  -671.40      0.00 -167.76                 1.0
 naive  0.02        5     0.00 -294980.48 20620.78 3901022.67 770253.0 -274359.71  -9146.38  -703.30      0.00 -165.20                 1.0
 naive  0.03        5     0.00 -249663.36 17154.84 3192020.36 626113.0 -232508.52  -7751.18  -728.41      0.00 -180.77                 1.0
 naive  0.05        5     0.00 -181838.86 12049.00 2173440.06 425837.0 -169789.86  -5660.32  -781.20      0.00 -194.98                 1.0
 naive  0.01        5     0.01 -366147.36 19894.75 3734678.10 742212.0 -346252.61 -11543.09  -927.13      0.00 -172.60                 1.0
 naive  0.02        5     0.01 -311400.28 16784.07 3127831.76 613940.0 -294616.20  -9821.68  -941.92      0.00 -173.68                 1.0
 naive  0.03        5     0.01 -264354.32 14121.82 2602803.02 507568.0 -250232.50  -8342.05  -961.40      0.00 -173.04                 1.0
 naive  0.05        5     0.01 -191931.67 10092.36 1812495.72 353905.0 -181839.31  -6062.01 -1003.25      0.00 -195.13                 1.0
  spot  0.01        1     0.00  -71719.83 15976.20 2985713.47 582936.0  -55743.63  -1858.34  -186.70      0.10  -19.37                 1.0
  spot  0.02        1     0.00  -33621.53 13974.69 2573872.67 501576.0  -19646.84   -654.97   -76.33      0.50   -6.24                 1.0
  spot  0.03        1     0.00   -5752.79 11961.22 2181399.02 422939.0    6208.43    206.97    28.46      0.67    1.98                 1.0
  spot  0.05        1     0.00   27895.51  8418.28 1516023.07 291104.0   36313.80   1210.60   239.53      0.73   12.43                 1.0
  spot  0.01        1     0.01  -85111.44 13126.08 2477818.65 473794.0  -71985.36  -2399.79  -290.52      0.00  -26.46                 1.0
  spot  0.02        1     0.01  -50530.94 11449.64 2141016.85 406954.0  -39081.30  -1302.86  -182.54      0.30  -13.79                 1.0
  spot  0.03        1     0.01  -24809.85  9784.86 1817587.30 343622.0  -15024.99   -500.89   -82.66      0.47   -5.29                 1.0
  spot  0.05        1     0.01    8513.73  6961.02 1281587.35 239288.0   15474.75    515.88   120.75      0.67    5.90                 1.0
  spot  0.01        2     0.00  -94925.74 15871.97 2975800.49 576598.0  -79053.77  -2635.43  -265.66      0.00  -30.11                 1.0
  spot  0.02        2     0.00  -59107.61 13762.54 2546117.41 491586.0  -45345.06  -1511.68  -178.09      0.27  -16.04                 1.0
  spot  0.03        2     0.00  -32217.39 11673.54 2142059.00 410449.0  -20543.85   -684.87   -95.91      0.43   -7.37                 1.0
  spot  0.05        2     0.00     248.00  8065.01 1467542.15 277236.0    8313.01    277.13    56.65      0.67    3.32                 1.0
  spot  0.01        2     0.01 -108259.13 12925.10 2449900.43 463934.0  -95334.02  -3178.17  -389.13      0.00  -38.67                 1.0
  spot  0.02        2     0.01  -75635.04 11178.52 2102766.03 395096.0  -64456.53  -2148.80  -306.53      0.07  -25.52                 1.0
  spot  0.03        2     0.01  -49750.28  9463.90 1772937.64 330633.0  -40286.38  -1343.03  -227.23      0.20  -16.05                 1.0
  spot  0.05        2     0.01  -16188.40  6613.64 1230848.27 226198.0   -9574.76   -319.20   -77.79      0.47   -4.18                 1.0
  spot  0.01        3     0.00 -128657.08 15889.36 3000435.78 573240.0 -112767.72  -3759.36  -375.84      0.00  -50.66                 1.0
  spot  0.02        3     0.00  -94399.45 13773.14 2570231.96 488787.0  -80626.32  -2687.86  -313.69      0.00  -34.25                 1.0
  spot  0.03        3     0.00  -68410.74 11688.57 2166207.47 408976.0  -56722.17  -1890.96  -261.85      0.07  -24.70                 1.0
  spot  0.05        3     0.00  -34161.30  8120.60 1493010.68 277840.0  -26040.70   -868.12  -174.42      0.27  -12.58                 1.0
  spot  0.01        3     0.01 -141985.34 12944.96 2473980.00 461897.0 -129040.38  -4301.84  -521.59      0.00  -62.42                 1.0
  spot  0.02        3     0.01 -110690.90 11198.33 2126804.05 393771.0  -99492.57  -3316.80  -467.80      0.00  -47.82                 1.0
  spot  0.03        3     0.01  -84703.65  9512.55 1799017.14 330556.0  -75191.09  -2506.66  -417.96      0.00  -36.07                 1.0
  spot  0.05        3     0.01  -48072.89  6652.15 1250409.10 227290.0  -41420.74  -1380.85  -331.26      0.10  -21.65                 1.0
  spot  0.01        4     0.00 -169892.92 15807.92 3029318.90 572390.0 -154085.00  -5136.76  -508.65      0.00  -88.21                 1.0
  spot  0.02        4     0.00 -137030.99 13888.20 2631895.37 495331.0 -123142.78  -4105.23  -467.89      0.00  -69.09                 1.0
  spot  0.03        4     0.00 -110770.14 12020.68 2260715.63 423103.0  -98749.46  -3292.03  -436.81      0.00  -56.65                 1.0
  spot  0.05        4     0.00  -73826.78  8716.41 1620365.75 301039.0  -65110.37  -2170.60  -401.83      0.00  -41.95                 1.0
  spot  0.01        4     0.01 -183035.04 13096.69 2538495.17 469515.0 -169938.35  -5665.27  -669.45      0.00 -103.62                 1.0
  spot  0.02        4     0.01 -151831.16 11512.53 2216463.07 407866.0 -140318.64  -4677.83  -633.07      0.00  -86.51                 1.0
  spot  0.03        4     0.01 -126440.03  9981.73 1910730.10 349533.0 -116458.30  -3882.39  -609.50      0.00  -73.32                 1.0
  spot  0.05        4     0.01  -87837.42  7267.23 1376571.04 251051.0  -80570.19  -2685.98  -585.30      0.00  -57.08                 1.0
  spot  0.01        5     0.00 -209658.92 15907.81 3089115.33 581411.0 -193751.11  -6459.12  -627.21      0.00 -139.27                 1.0
  spot  0.02        5     0.00 -175543.28 14179.91 2721769.88 511174.0 -161363.37  -5379.40  -592.86      0.00 -117.33                 1.0
  spot  0.03        5     0.00 -147875.96 12495.05 2375835.91 444760.0 -135380.91  -4513.22  -569.82      0.00 -102.68                 1.0
  spot  0.05        5     0.00 -107429.13  9445.68 1767957.09 330103.0  -97983.45  -3266.49  -554.22      0.00  -83.41                 1.0
  spot  0.01        5     0.01 -221348.14 13429.17 2634449.50 486437.0 -207918.96  -6931.43  -789.23      0.00 -153.59                 1.0
  spot  0.02        5     0.01 -188952.16 11996.52 2332216.25 429357.0 -176955.64  -5899.20  -758.74      0.00 -135.56                 1.0
  spot  0.03        5     0.01 -162358.50 10592.80 2043522.45 375032.0 -151765.71  -5059.44  -742.67      0.00 -120.57                 1.0
  spot  0.05        5     0.01 -120563.06  8031.76 1525863.36 280016.0 -112531.30  -3751.48  -737.49      0.00 -100.61                 1.0
