12178276 trades with features
                    count          mean          std           min           25%           50%           75%           max
start          12178276.0  1.789851e+09  737151.5182  1.788566e+09  1.789210e+09  1.789856e+09  1.790498e+09  1.791158e+09
t              12178276.0  1.407367e+02      82.4973  0.000000e+00  6.700000e+01  1.430000e+02  2.130000e+02  2.990000e+02
dir            12178276.0  7.400000e-03       1.0000 -1.000000e+00 -1.000000e+00  1.000000e+00  1.000000e+00  1.000000e+00
x              12178276.0  5.043000e-01       0.2935  1.000000e-03  2.600000e-01  5.100000e-01  7.500000e-01  9.990000e-01
size           12178276.0  2.949420e+01     121.2460  1.000000e-02  5.000000e+00  8.616100e+00  2.136210e+01  4.269778e+04
notional       12178276.0  1.570970e+01      67.6714  0.000000e+00  1.860000e+00  4.500000e+00  1.000000e+01  1.331253e+04
y              12178276.0  5.060000e-01       0.5000  0.000000e+00  0.000000e+00  1.000000e+00  1.000000e+00  1.000000e+00
vpin_bot       12122277.0  9.457000e-01       0.0673  9.900000e-03  9.092000e-01  9.724000e-01  1.000000e+00  1.000000e+00
vpin_flow5     12154014.0  8.903000e-01       0.0851  0.000000e+00  8.356000e-01  9.015000e-01  9.595000e-01  1.000000e+00
vpin_flow50    12066165.0  7.242000e-01       0.1279  1.420000e-02  6.335000e-01  7.190000e-01  8.144000e-01  1.000000e+00
vpin_flow500   11370539.0  4.668000e-01       0.1410  2.900000e-03  3.696000e-01  4.536000e-01  5.533000e-01  1.000000e+00
signed50       12066165.0  1.400000e-03       0.5265 -1.000000e+00 -4.252000e-01  5.600000e-03  4.263000e-01  1.000000e+00
n_10s          12178276.0  8.957320e+01      89.3400  0.000000e+00  4.200000e+01  6.500000e+01  1.040000e+02  1.195000e+03
notional_10s   12178276.0  1.247417e+03    1382.5853 -0.000000e+00  4.578736e+02  8.150231e+02  1.505177e+03  5.163695e+04
spot_move_10s  12178276.0  8.300000e-02       0.1221  0.000000e+00  6.500000e-03  3.610000e-02  1.091000e-01  1.000000e+00
f_fill         12178276.0  5.029000e-01       0.3158  0.000000e+00  2.371000e-01  5.002000e-01  7.705000e-01  1.000000e+00
f_5            12178276.0  5.032000e-01       0.3262  0.000000e+00  2.201000e-01  5.002000e-01  7.889000e-01  1.000000e+00
f_30           12178276.0  5.031000e-01       0.3677  0.000000e+00  1.333000e-01  5.002000e-01  8.767000e-01  1.000000e+00
